Start:  2024-04-18 12:41:30.473347 UTC
Middle:  2024-04-18 12:41:33.026867 UTC
GPUs found:
NVIDIA A10
End:  2024-04-18 12:41:33.073739 UTC
